每幅图像的标定误差：
第1幅图像的平均误差：0.0618099像素
第2幅图像的平均误差：0.123648像素
第3幅图像的平均误差：0.0753511像素
第4幅图像的平均误差：0.0601676像素
第5幅图像的平均误差：0.0965571像素
第6幅图像的平均误差：0.137507像素
第7幅图像的平均误差：0.162105像素
第8幅图像的平均误差：0.110778像素
第9幅图像的平均误差：0.071928像素
第10幅图像的平均误差：0.124586像素
第11幅图像的平均误差：0.154802像素
第12幅图像的平均误差：0.133906像素
第13幅图像的平均误差：0.0886184像素
第14幅图像的平均误差：0.191701像素
第15幅图像的平均误差：0.103995像素
第16幅图像的平均误差：0.0991451像素
第17幅图像的平均误差：0.118957像素
第18幅图像的平均误差：0.117785像素
总体平均误差：0.112964像素

相机内参数矩阵：
[2045.228162779232, 0, 308.9800495514261;
 0, 1949.318193196295, 240.6473336414598;
 0, 0, 1]

畸变系数：
[-5.50104622062759, 55.38727919492577, -0.1241186021933828, 0.1598436793893336, -954.7739641522487]


第1幅图像的旋转向量：
[-21.42229843190858;
 -73.15243821169233;
 1192.362070816057]
第1幅图像的旋转矩阵：
[0.5481660219201033, -0.8342646154443589, -0.05930062250739494;
 0.8352569448568168, 0.5497150161133375, -0.01261891944539736;
 0.04312596063562133, -0.04261399391032037, 0.9981604074707962]
第1幅图像的平移向量：
[-1.917630705923559;
 -2.013920474295261;
 0.1922992023240356]

第2幅图像的旋转向量：
[-12.42912678253248;
 -72.70549195872363;
 839.4094960478371]
第2幅图像的旋转矩阵：
[0.7667278356905642, -0.639271533404939, -0.05882459141686603;
 0.6398654247625248, 0.768414087485885, -0.01058434441562467;
 0.05196791481998352, -0.02952451068743953, 0.9982122214729342]
第2幅图像的平移向量：
[-1.980774132263154;
 -1.968340054169011;
 0.1799117168255281]

第3幅图像的旋转向量：
[-39.03912793929303;
 -73.36882531630533;
 832.5969102056038]
第3幅图像的旋转矩阵：
[0.4804927093862137, -0.8711489590529654, -0.1011249097286629;
 0.8754089076824242, 0.4833623645218249, -0.004479834163803542;
 0.05278257834702997, -0.08637311911008567, 0.9948636508176558]
第3幅图像的平移向量：
[-1.908803844170049;
 -2.092206701933211;
 0.2296435721523445]

第4幅图像的旋转向量：
[-72.81968615111454;
 -74.83362529070666;
 862.1874822543693]
第4幅图像的旋转矩阵：
[0.1683247481884568, -0.9735105319708024, -0.1547385643245334;
 0.9856127922792193, 0.1686549507516244, 0.01108743805067108;
 0.01530368723062915, -0.1543785986751153, 0.9878932358449746]
第4幅图像的平移向量：
[-1.872398804607551;
 -2.243301435009045;
 0.2145812803370047]

第5幅图像的旋转向量：
[8.246102916847899;
 -67.34630620834449;
 741.8128577247844]
第5幅图像的旋转矩阵：
[-0.9385082842425205, 0.3412374115914285, 0.05252836698910646;
 -0.3451180809317463, -0.9228990616583046, -0.1707361479131162;
 -0.009783180574273652, -0.1783657784458748, 0.9839156155165178]
第5幅图像的平移向量：
[2.054894421358421;
 2.017533611709058;
 0.2224351775956134]

第6幅图像的旋转向量：
[7.445942517648001;
 -49.68637941594222;
 727.9342407793253]
第6幅图像的旋转矩阵：
[0.684822802477007, -0.7272299721719689, -0.04641440274629758;
 0.7267919068745224, 0.6862515717466152, -0.02884968590809713;
 0.05283231311644265, -0.0139766895242592, 0.9985055827789391]
第6幅图像的平移向量：
[2.011543782550665;
 2.069428573004312;
 0.2361786005051315]

第7幅图像的旋转向量：
[28.61088433911348;
 -55.133506313604;
 694.5321655482437]
第7幅图像的旋转矩阵：
[0.9916638173868076, 0.1284205199214718, 0.01053771080088899;
 -0.1284746989541128, 0.9917019614135562, 0.004633730371496761;
 -0.009855202406566907, -0.005948931971749378, 0.9999337404017934]
第7幅图像的平移向量：
[2.019074643419133;
 2.039914960349253;
 0.2287735709430241]

第8幅图像的旋转向量：
[-15.00111578085858;
 -53.71218218902247;
 693.3376097264935]
第8幅图像的旋转矩阵：
[-0.2815025615859591, 0.9584320548403795, 0.04652208158488894;
 -0.9541617614866977, -0.2744538898794796, -0.1193750193575894;
 -0.1016446788432412, -0.07799396505160035, 0.9917586907501161]
第8幅图像的平移向量：
[-1.929201970855399;
 -2.043911903356578;
 0.2317130104982283]

第9幅图像的旋转向量：
[-43.38093540633595;
 -55.95658465054987;
 700.3567871111358]
第9幅图像的旋转矩阵：
[0.9781440476012073, -0.2071560611635161, -0.01790498437710844;
 0.207371016198023, 0.9781993585672183, 0.01110299687840251;
 0.01521459113240286, -0.01457330511243491, 0.9997780428649019]
第9幅图像的平移向量：
[-1.929791424061908;
 -2.111410209003645;
 0.2087175814907184]

第10幅图像的旋转向量：
[-42.91531954699056;
 -65.75677039366873;
 665.7658830407183]
第10幅图像的旋转矩阵：
[-0.3370443012272559, 0.9414642232074402, 0.006801134511391013;
 -0.9246037627301615, -0.3296290082325938, -0.1909256370339612;
 -0.1775078053367177, -0.07063875248054627, 0.9815809419974157]
第10幅图像的平移向量：
[1.894133620700258;
 2.206386144615307;
 0.2039041330916425]

第11幅图像的旋转向量：
[-34.70982298383563;
 -69.39089727927194;
 686.684731316789]
第11幅图像的旋转矩阵：
[0.995381335759394, 0.09553662443091704, 0.009420711978954086;
 -0.09548991826766393, 0.9954163412018597, -0.005289912810018112;
 -0.009882911063010005, 0.004365897461993034, 0.9999416318007126]
第11幅图像的平移向量：
[-1.790632800949701;
 -2.114112281996408;
 0.2317626766221543]

第12幅图像的旋转向量：
[-32.36758923360094;
 -69.66815069335952;
 733.4297154326111]
第12幅图像的旋转矩阵：
[-0.6698508538972339, -0.728613894083855, -0.1429042577431036;
 0.7424889339783559, -0.6581416519716066, -0.1247387223750881;
 -0.003164878012064595, -0.1896611696896479, 0.9818445010586569]
第12幅图像的平移向量：
[-1.816814177025805;
 -2.08744040137465;
 0.1903371841031088]

第13幅图像的旋转向量：
[-56.74125820253207;
 -76.72638871992611;
 809.080026435792]
第13幅图像的旋转矩阵：
[-0.5195454360121431, 0.8540599946856721, -0.02557470227513443;
 -0.8340283653733797, -0.5134088679931895, -0.2020099502959194;
 -0.1856588960205254, -0.08362332057184355, 0.9790494954725107]
第13幅图像的平移向量：
[-1.796021541389945;
 -2.164365519915727;
 0.1521730538006015]

第14幅图像的旋转向量：
[-7.024557935251465;
 -73.03452156958375;
 696.7555357412614]
第14幅图像的旋转矩阵：
[-0.9992576974975649, 0.03480737176928032, -0.01650760013993807;
 -0.03062772716989685, -0.9777307596169599, -0.2076162422048161;
 -0.02336656415203866, -0.2069565378753655, 0.9780710583134389]
第14幅图像的平移向量：
[-1.767820579472259;
 -2.059680354958612;
 0.2422089834427003]

第15幅图像的旋转向量：
[-2.595244609096897;
 -74.22896999239242;
 793.9763907147222]
第15幅图像的旋转矩阵：
[0.8670092506723709, 0.4961686773320818, 0.04595218039512838;
 -0.4960881008012326, 0.8681601636957553, -0.01394727267910674;
 -0.04681405229159381, -0.01070391546545931, 0.9988462698041918]
第15幅图像的平移向量：
[-1.809368658186303;
 -2.081953228643823;
 0.1709740730233171]

第16幅图像的旋转向量：
[-13.08634390556885;
 -58.85167719284473;
 715.5492636993893]
第16幅图像的旋转矩阵：
[-0.2282494043325977, -0.9682346744348871, -0.1020971333769118;
 0.9719048491600419, -0.2204047341799933, -0.08259974170808802;
 0.05747324247865879, -0.1180820408572576, 0.9913392244968293]
第16幅图像的平移向量：
[1.844050246322547;
 2.185774980826033;
 0.2381879406155608]

第17幅图像的旋转向量：
[-7.944519182515816;
 -73.36360669041922;
 703.7678444738975]
第17幅图像的旋转矩阵：
[-0.7193468125909988, 0.6926419461445062, 0.05279486391990669;
 -0.6886389147730479, -0.7010805734542475, -0.1851012549532351;
 -0.091195439992192, -0.1695085955525988, 0.9813002740030274]
第17幅图像的平移向量：
[1.878373023759575;
 2.156829712366558;
 0.2076977826580565]

第18幅图像的旋转向量：
[-38.9809458769267;
 -78.37173552752857;
 718.5875538642969]
第18幅图像的旋转矩阵：
[0.2381100291456495, -0.9601939303056245, -0.1460521489896512;
 0.9691031427651474, 0.2448504216511081, -0.02978875123244718;
 0.06436390838794655, -0.1344465961693041, 0.9888282965588697]
第18幅图像的平移向量：
[-1.825586939817815;
 -2.246156852322762;
 0.07942009540444886]


